img_url
https:https://upload.wikimedia.org/wikipedia/en/thumb/b/b4/Ambox_important.svg/40px-Ambox_important.svg.png
https:https://upload.wikimedia.org/wikipedia/en/thumb/b/b4/Ambox_important.svg/40px-Ambox_important.svg.png
https:https://upload.wikimedia.org/wikipedia/en/thumb/9/99/Question_book-new.svg/50px-Question_book-new.svg.png
https:https://upload.wikimedia.org/wikipedia/commons/thumb/b/bb/Mai_safooa_mazar.png/240px-Mai_safooa_mazar.png
